0.000000000000000000e+00 0.000000000000000000e+00
3.998161245643130966e-05 1.169162302257191564e-03
1.599264498257252115e-04 2.368210859825566148e-03
3.597345580767405903e-04 3.587350177653296588e-03
6.395058912406184799e-04 4.836375750792211783e-03
1.009235852431466813e-03 6.105392130159339320e-03
1.458929038535177738e-03 7.404394718868792524e-03
1.998480898634717815e-03 8.723388113806461105e-03
2.608100534564153708e-03 1.007236771808645188e-02
3.317474293572385963e-03 1.145133353170876833e-02
4.106911231524621071e-03 1.286028555467340871e-02
4.986206843472686633e-03 1.429922378698036782e-02
5.965556440592971292e-03 1.577804367771261720e-02
7.034664757677944191e-03 1.729694513493244476e-02
8.213822463049242142e-03 1.885572825057755739e-02
9.512825051758697081e-03 2.045449297867910771e-02
1.094176788095155110e-02 2.210323472235118866e-02
1.252054180282488084e-02 2.378196267536559702e-02
1.423925136829572169e-02 2.552066304706465671e-02
1.614777363890347248e-02 2.729934503122014369e-02
1.822721730276246135e-02 2.914789488314323967e-02
2.052546034078927065e-02 3.104642175063687670e-02
2.304350229329531208e-02 3.302601133738593264e-02
2.581142932365405526e-02 3.508436470067415741e-02
2.886912309029077833e-02 3.722278124290637896e-02
3.223657439943369840e-02 3.945105645913445092e-02
3.596376026665336345e-02 4.177928570650357720e-02
4.007067149817798712e-02 4.420746898501379946e-02
4.460718515554696478e-02 4.676549254997626470e-02
4.960438694244517083e-02 4.945345635542214291e-02
5.507027318136389210e-02 5.228135580446553049e-02
6.098575265235518100e-02 5.524909094307527829e-02
6.730094829387964217e-02 5.830778425002341309e-02
7.395688722756404987e-02 6.141545503223067026e-02
8.087160714787269833e-02 6.450303505417857852e-02
8.804620754914814496e-02 6.752074720835887778e-02
9.546059767113103389e-02 7.043960482574064541e-02
1.031357678603610079e-01 7.326740432075289078e-02
1.110797144393293467e-01 7.602533594799751326e-02
1.192745456364617818e-01 7.871329975344339147e-02
1.276980716568450192e-01 8.134229068051603007e-02
1.363316010966556524e-01 8.390031424547851613e-02
1.451558428278834356e-01 8.639846534578747572e-02
1.541290160655114649e-01 8.883764356772319570e-02
1.632131382777060880e-01 9.119585902443466674e-02
1.723462379651598542e-01 9.348410665934736574e-02
1.815202188513502513e-01 9.566340440031630143e-02
1.906843042884577566e-01 9.775184392697798541e-02
1.998373947821397156e-01 9.972133815658178191e-02
2.089713940558736716e-01 1.015698880085048883e-01
2.180745075339851069e-01 1.032895971142871322e-01
2.271486343430656196e-01 1.048784663933057248e-01
2.362027703459178840e-01 1.063382950181211567e-01
2.452669017518843420e-01 1.076472930099447167e-01
2.543500244237674734e-01 1.088374456587415384e-01
2.634840236975015126e-01 1.098866631236294494e-01
2.726880907470654036e-01 1.108069398883453488e-01
2.819720210675110694e-01 1.116172672188060627e-01
2.913459100159836446e-01 1.123167455287313460e-01
3.008096576384520771e-01 1.129073738987439735e-01
3.103834546492068025e-01 1.133879528804702663e-01
3.200671011401856614e-01 1.137776736478893491e-01
3.298507016623055677e-01 1.140884307307069440e-01
3.397341562615353583e-01 1.143192245886116981e-01
3.496975740856780313e-01 1.144801505787488294e-01
3.597309597316194485e-01 1.145711087470872025e-01
3.698043269900173624e-01 1.146019945427098063e-01
3.798986845949548496e-01 1.145631124245959226e-01
3.899820472564667351e-01 1.144741533368803799e-01
4.000154329024082078e-01 1.143252218304801615e-01
4.099798502668622335e-01 1.141064224563123342e-01
4.198533094629779971e-01 1.138176552603457625e-01
4.296379095254092562e-01 1.134389294363522122e-01
4.393415468226163356e-01 1.129602495812176005e-01
4.490161974507924647e-01 1.123617248427448145e-01
4.587308296914249794e-01 1.116432552669027606e-01
4.685544118260012714e-01 1.108059403480339267e-01
4.785288245935694351e-01 1.098676718577126510e-01
4.886731592140774461e-01 1.088394447393643688e-01
4.989973111366083347e-01 1.077422493395287506e-01
5.094313125393631347e-01 1.066140681900393794e-01
5.199263858551452788e-01 1.054669957286643867e-01
5.304204596306159036e-01 1.042998325070300103e-01
5.408744518395990353e-01 1.031027830300844800e-01
5.512895619304681860e-01 1.018647524003710586e-01
5.616636908685695984e-01 1.005876397444815107e-01
5.720088331376400603e-01 9.926065002705257434e-02
5.823539754067105223e-01 9.788378324808420794e-02
5.926981181354695760e-01 9.646683490262829286e-02
6.030333649554570075e-01 9.499990954160181245e-02
6.133485210151851108e-01 9.349410206246146215e-02
6.236536816717991316e-01 9.194721347652214105e-02
6.339298556593823131e-01 9.036044323215752794e-02
6.441751438513427797e-01 8.872469551253378550e-02
6.543803504768157531e-01 8.704796664014219365e-02
6.645465750301435826e-01 8.532226029249147248e-02
6.746819137878489192e-01 8.353558198584470906e-02
6.847882658765234165e-01 8.170002615796993772e-02
6.948846225620837203e-01 7.980449791141054627e-02
7.049509930383017764e-01 7.785889269524945422e-02
7.150172635604885585e-01 7.584341961132075316e-02
7.250837339907375556e-01 7.375807865962444310e-02
7.351909856656921871e-01 7.161266533521233602e-02
7.453273239637089320e-01 6.940737954614673022e-02
7.555046434144936374e-01 6.713312547559377452e-02
7.657208449833922126e-01 6.480779489512772384e-02
7.759890226484840170e-01 6.243368674746484215e-02
7.863061777888348258e-01 6.001949703331438402e-02
7.966333283322999392e-01 5.759531191604980865e-02
8.068915105942776611e-01 5.516113139567112994e-02
8.170088576263776492e-01 5.272705082932358650e-02
8.269473868967661678e-01 5.029287030894491473e-02
8.366860081048725917e-01 4.784869438545213266e-02
8.462647028631531398e-01 4.534564553761724626e-02
8.557034619778363105e-01 4.279152017986927875e-02
8.650424669694406488e-01 4.015853109155099326e-02
8.743114041852151352e-01 3.743458383489433466e-02
8.834904827269938199e-01 3.465176365389557173e-02
8.925904976301398674e-01 3.186784397855425832e-02
9.015896589158645114e-01 2.917488247155133191e-02
9.104599794554484316e-01 2.662185660814591140e-02
9.190904103202935937e-01 2.420866643430686152e-02
9.273900932960931209e-01 2.185544867915245604e-02
9.353810182696976616e-01 1.942226769908518905e-02
9.431711355947398623e-01 1.686824229536836028e-02
9.508323122196101762e-01 1.418527619147953896e-02
9.583425582574573998e-01 1.149231468447660907e-02
9.654641830222281396e-01 8.989165882610587396e-03
9.721750966730400290e-01 6.814865843198712053e-03
9.786662114093728215e-01 4.930332540064823535e-03
9.849574180834235193e-01 3.156648257466390401e-03
9.908479090466294492e-01 1.331987418986007535e-03
9.964097511554436126e-01 -7.224677370877138557e-04
1.000000000000000000e+00 -2.148311991315194399e-03
