0.0 0.0
1.000000000000000082e-05 5.500000000000000331e-04
8.999999999999999212e-05 1.660000000000000017e-03
2.500000000000000052e-04 2.780000000000000353e-03
5.000000000000000104e-04 3.919999999999999873e-03
8.300000000000000086e-04 5.080000000000000314e-03
1.270000000000000078e-03 6.259999999999999939e-03
1.809999999999999977e-03 7.440000000000000432e-03
2.449999999999999921e-03 8.620000000000000925e-03
3.190000000000000127e-03 9.809999999999999276e-03
4.020000000000000136e-03 1.098100000000000118e-02
4.959999999999999999e-03 1.216099999999999993e-02
5.980000000000000072e-03 1.332100000000000124e-02
7.119999999999999593e-03 1.448099999999999908e-02
8.359999999999999376e-03 1.564100000000000212e-02
9.719999999999999474e-03 1.681099999999999955e-02
1.120000000000000162e-02 1.798100000000000045e-02
1.280000000000000061e-02 1.916199999999999848e-02
1.455000000000000043e-02 2.034199999999999897e-02
1.643999999999999975e-02 2.154199999999999865e-02
1.850000000000000255e-02 2.275199999999999792e-02
2.072999999999999843e-02 2.399300000000000391e-02
2.315000000000000044e-02 2.524300000000000155e-02
2.577999999999999736e-02 2.652299999999999797e-02
2.866000000000000145e-02 2.783399999999999763e-02
3.180000000000000188e-02 2.916399999999999895e-02
3.524000000000000049e-02 3.053500000000000311e-02
3.900999999999999607e-02 3.193499999999999811e-02
4.314000000000000473e-02 3.336599999999999983e-02
4.764999999999999791e-02 3.483699999999999991e-02
5.256999999999999867e-02 3.632699999999999818e-02
5.793000000000000232e-02 3.783799999999999664e-02
6.373000000000000886e-02 3.935900000000000509e-02
6.998000000000000054e-02 4.086999999999999661e-02
7.667000000000000204e-02 4.237099999999999894e-02
8.377000000000001112e-02 4.385300000000000309e-02
9.124000000000000166e-02 4.529400000000000093e-02
9.903000000000000691e-02 4.667600000000000221e-02
1.071000000000000146e-01 4.799699999999999800e-02
1.154199999999999948e-01 4.925900000000000417e-02
1.239600000000000146e-01 5.043100000000000360e-02
1.326800000000000201e-01 5.154300000000000548e-02
1.415500000000000091e-01 5.257500000000000367e-02
1.505400000000000071e-01 5.352699999999999819e-02
1.596500000000000141e-01 5.440899999999999903e-02
1.688700000000000201e-01 5.522099999999999925e-02
1.781599999999999850e-01 5.596399999999999986e-02
1.875199999999999922e-01 5.663599999999999884e-02
1.969300000000000217e-01 5.723900000000000515e-02
2.063899999999999901e-01 5.777199999999999697e-02
2.159200000000000008e-01 5.824499999999999816e-02
2.255000000000000060e-01 5.865800000000000181e-02
2.351300000000000334e-01 5.902099999999999708e-02
2.448000000000000176e-01 5.932400000000000173e-02
2.544899999999999940e-01 5.957799999999999901e-02
2.642200000000000104e-01 5.977100000000000468e-02
2.739900000000000113e-01 5.992499999999999910e-02
2.837900000000000422e-01 6.001900000000000290e-02
2.936100000000000376e-01 6.008300000000000446e-02
3.034400000000000430e-01 6.008700000000000152e-02
3.132999999999999674e-01 6.006100000000000327e-02
3.231799999999999673e-01 5.998599999999999766e-02
3.330799999999999872e-01 5.985999999999999654e-02
3.430199999999999916e-01 5.971499999999999725e-02
3.529699999999999505e-01 5.952000000000000346e-02
3.629299999999999748e-01 5.929600000000000148e-02
3.729000000000000092e-01 5.904099999999999626e-02
3.828799999999999981e-01 5.873700000000000448e-02
3.928799999999999515e-01 5.841300000000000658e-02
4.028999999999999804e-01 5.804900000000000337e-02
4.129300000000000193e-01 5.766500000000000098e-02
4.229699999999999571e-01 5.724200000000000121e-02
4.330100000000000060e-01 5.678899999999999920e-02
4.430800000000000294e-01 5.631599999999999800e-02
4.531499999999999972e-01 5.580300000000000538e-02
4.632399999999999851e-01 5.527100000000000068e-02
4.733400000000000385e-01 5.471800000000000275e-02
4.834400000000000364e-01 5.413700000000000456e-02
4.935499999999999887e-01 5.353500000000000619e-02
5.036599999999999966e-01 5.291400000000000270e-02
5.137700000000000600e-01 5.226300000000000390e-02
5.239000000000000323e-01 5.159200000000000591e-02
5.340400000000000702e-01 5.090200000000000280e-02
5.441899999999999515e-01 5.018200000000000438e-02
5.543299999999999894e-01 4.945199999999999596e-02
5.644799999999999818e-01 4.870300000000000323e-02
5.746400000000000396e-01 4.793400000000000438e-02
5.848200000000000065e-01 4.713599999999999735e-02
5.950100000000000389e-01 4.633799999999999725e-02
6.052000000000000712e-01 4.551000000000000184e-02
6.153699999999999726e-01 4.468300000000000050e-02
6.255199999999999649e-01 4.383600000000000690e-02
6.356600000000000028e-01 4.296000000000000513e-02
6.458199999999999497e-01 4.207400000000000029e-02
6.560099999999999820e-01 4.115900000000000114e-02
6.662200000000000344e-01 4.023399999999999893e-02
6.764299999999999757e-01 3.929900000000000060e-02
6.866200000000001191e-01 3.835600000000000120e-02
6.968000000000000860e-01 3.739200000000000162e-02
7.069799999999999418e-01 3.642000000000000098e-02
7.171599999999999087e-01 3.542700000000000016e-02
7.273600000000000065e-01 3.441600000000000215e-02
7.375700000000000589e-01 3.339500000000000107e-02
7.477700000000000458e-01 3.236499999999999794e-02
7.579700000000000326e-01 3.132499999999999868e-02
7.681600000000000650e-01 3.026600000000000124e-02
7.783299999999999663e-01 2.919800000000000173e-02
7.885100000000000442e-01 2.810999999999999957e-02
7.987099999999999200e-01 2.701299999999999882e-02
8.089100000000000179e-01 2.589700000000000335e-02
8.190999999999999392e-01 2.478200000000000194e-02
8.292800000000000171e-01 2.364700000000000135e-02
8.394400000000000750e-01 2.250300000000000217e-02
8.495900000000000674e-01 2.134999999999999745e-02
8.597500000000000142e-01 2.016799999999999843e-02
8.699099999999999611e-01 1.898700000000000040e-02
8.800700000000000189e-01 1.778700000000000073e-02
8.901900000000000368e-01 1.657700000000000146e-02
9.002800000000000802e-01 1.535900000000000112e-02
9.103300000000000836e-01 1.413100000000000120e-02
9.203200000000000269e-01 1.290400000000000054e-02
9.301900000000000723e-01 1.166800000000000129e-02
9.399100000000000232e-01 1.044199999999999989e-02
9.494299999999999962e-01 9.226999999999999091e-03
9.586299999999999821e-01 8.041000000000001272e-03
9.673699999999999521e-01 6.905000000000000547e-03
9.755899999999999572e-01 5.817000000000000122e-03
9.831699999999999884e-01 4.818000000000000234e-03
9.900600000000000511e-01 3.896000000000000157e-03
9.962499999999999689e-01 3.062000000000000485e-03
1.000000000000000000e+00 2.548000000000000351e-03
