0.000000000000000000e+00 0.000000000000000000e+00
4.997701557053917435e-05 -1.169062348226051085e-03
1.999080622821564806e-04 -2.348220053597350771e-03
4.496931861037109794e-04 -3.527277804937509545e-03
8.094277441804513529e-04 -4.716430913422916919e-03
1.279111736512378089e-03 -5.885493261648968438e-03
1.858645209068349570e-03 -7.044660160792051880e-03
2.548128115879507143e-03 -8.183736299675779466e-03
3.337465099800601340e-03 -9.302921586362431286e-03
4.246846875122131312e-03 -1.038212526059265409e-02
5.256082727553598559e-03 -1.143124277144941074e-02
6.385163463323217589e-03 -1.243048322076677030e-02
7.634288990493272829e-03 -1.336985120543062247e-02
8.993164043856230819e-03 -1.425914222049279485e-02
1.047208388861962589e-02 -1.509855617401556840e-02
1.207084861672117274e-02 -1.588789315793666390e-02
1.378955818219201011e-02 -1.664734388654657768e-02
1.563820798814625351e-02 -1.737680840581416752e-02
1.760570313712723697e-02 -1.808628211885354026e-02
1.972402891910010267e-02 -1.877576502566469588e-02
2.198239029870163036e-02 -1.945515257533060594e-02
2.442046902629480681e-02 -2.012564421622495964e-02
2.703846500994193033e-02 -2.075525465838260961e-02
2.986636445898531445e-02 -2.135477893716680037e-02
3.293405362873614434e-02 -2.189433079726633979e-02
3.626152332542264406e-02 -2.237401019271237357e-02
3.991874137084355095e-02 -2.278372176635965612e-02
4.392569857122709254e-02 -2.314335637040525195e-02
4.836135861117472207e-02 -2.345321386694259463e-02
5.326760222973454806e-02 -2.375297600633468828e-02
5.868351145308272482e-02 -2.404274274261267511e-02
6.458899552095991037e-02 -2.432351361608795989e-02
7.095416817805491605e-02 -2.455330793368129885e-02
7.774804367471399580e-02 -2.465326196482238094e-02
8.501250274998527201e-02 -2.459328954613773308e-02
9.277663202693080258e-02 -2.435349982543028730e-02
1.010993044298926918e-01 -2.397477400143674039e-02
1.099725236363796183e-01 -2.349509460599070662e-02
1.192845410395758921e-01 -2.296553814900527402e-02
1.288872247653304326e-01 -2.237700881364660527e-02
1.386688262068274669e-01 -2.172750751929188040e-02
1.485612766688599873e-01 -2.100803840313839738e-02
1.585526816217221746e-01 -2.019961019926935775e-02
1.686350447429227073e-01 -1.931031918420718363e-02
1.788262578040359096e-01 -1.834206448454355626e-02
1.891474111056325180e-01 -1.731283782588387624e-02
1.995795133817956923e-01 -1.623463369196506689e-02
2.100605931332180099e-01 -1.514543461462073554e-02
2.205016912721839140e-01 -1.407732583784717349e-02
2.308838165327765923e-01 -1.304809917918749174e-02
2.412149652374872555e-01 -1.208983988263797466e-02
2.515061323297415607e-01 -1.120144845385607178e-02
2.618172902282240311e-01 -1.037212985747854553e-02
2.721884205453911632e-01 -9.603683266065936655e-03
2.826695002968134807e-01 -8.885213690223867089e-03
2.932904157378021792e-01 -8.195730783412709733e-03
3.040112852099319252e-01 -7.517242820027069186e-03
3.148021225038604709e-01 -6.838754856641430374e-03
3.256428368593284328e-01 -6.140276087027576185e-03
3.364836511688274467e-01 -5.451792720527829685e-03
3.473133705808698624e-01 -4.743318547799866940e-03
3.581142032779124906e-01 -4.044939732217153229e-03
3.688350727500422921e-01 -3.346460962603299040e-03
3.794549886507196379e-01 -2.687963805445875605e-03
3.899560592083701205e-01 -2.069348306713742446e-03
4.003761670007963125e-01 -1.500809777583289508e-03
4.107173111086211414e-01 -9.922436671374835690e-04
4.210374648699063971e-01 -5.535454244592914047e-04
4.313386273652747294e-01 -1.748196004657458051e-04
4.416787719327882056e-01 1.339384017290446739e-04
4.520588981127580119e-01 3.917198480418849875e-04
4.625299824610661359e-01 6.006237731267390599e-04
4.730599397337164613e-01 7.894369379522355422e-04
4.835500153479415086e-01 9.872459655804297247e-04
4.939901139465959767e-01 1.236131503121713684e-03
5.044001263818770342e-01 1.543889965005093307e-03
5.148392254402200940e-01 1.912620385884530785e-03
5.253492918606732509e-01 2.320232924877848549e-03
5.358792491333236319e-01 2.747936224130522170e-03
5.463483344010090503e-01 3.145653314040871857e-03
5.567284605809788012e-01 3.504388331806201646e-03
5.670276239957243725e-01 3.792155987461366760e-03
5.772879052923560739e-01 4.019951224431883574e-03
5.875171008853028454e-01 4.177878593634786614e-03
5.977762826875919755e-01 4.255842737924828145e-03
6.080854415054516293e-01 4.273834463530221811e-03
6.184445773388818068e-01 4.260840439481883291e-03
6.287838223201149823e-01 4.228855149516737646e-03
6.390430041224041124e-01 4.246846875122131312e-03
6.492112277563547584e-01 4.333706928183729198e-03
6.593505646753058391e-01 4.501629700500739059e-03
6.695087929061425136e-01 4.728425397159846319e-03
6.796381344219791787e-01 4.965216496933060400e-03
6.896366361110524146e-01 5.153130075478287372e-03
6.995250884118393575e-01 5.220099276342810360e-03
7.094135407126261894e-01 5.177119042952146172e-03
7.194219378507823448e-01 5.014193972192187987e-03
7.296401385003036255e-01 4.761410227436403686e-03
7.400672430749097863e-01 4.467645329912773439e-03
7.506242878899993531e-01 4.174879972700554914e-03
7.612611959759705282e-01 3.911101284519248600e-03
7.719780672868548077e-01 3.667213448535018485e-03
7.827749018226517475e-01 3.433420969696036103e-03
7.936006230734485856e-01 3.189633087742946901e-03
8.044464350845045297e-01 2.925854399561641454e-03
8.153022424986747785e-01 2.661975757349194661e-03
8.261779407650422513e-01 2.387202125742370670e-03
8.370137573729841129e-01 2.112428494135546678e-03
8.477785066647847145e-01 1.837654862528723555e-03
8.584435018335067058e-01 1.552885827807791008e-03
8.689884522108280995e-01 1.238130583744536262e-03
8.794135577048115548e-01 9.133799365671729613e-04
8.896287597333986108e-01 5.886292893898087929e-04
8.995542949797388221e-01 3.137557037518443233e-04
9.091399865201993391e-01 7.796414429004109789e-05
9.182850806913899211e-01 -1.868140842026756385e-04
9.269923762061827999e-01 -5.915279562929013149e-04
9.354289962046453688e-01 -1.176059130405926641e-03
9.436757035439401475e-01 -1.890530545002353435e-03
9.516827211165584943e-01 -2.545029540914133664e-03
9.593597904323801773e-01 -3.009715831689006339e-03
9.667881741187227540e-01 -3.364452688208693139e-03
9.738758145129055022e-01 -3.769066606267777470e-03
9.805047658581819148e-01 -4.252744162959455100e-03
9.866941193744995786e-01 -4.686444704080593854e-03
9.925736153942801288e-01 -4.851268901432231537e-03
9.964077520748206851e-01 -4.783300160256298561e-03
