0.000000000000000000e+00 0.000000000000000000e+00
5.000000000000000240e-05 -9.897000000000000415e-04
2.299000000000000045e-04 -1.999299999999999862e-03
5.398000000000000020e-04 -3.039000000000000035e-03
9.897000000000000415e-04 -4.108600000000000446e-03
1.589500000000000201e-03 -5.188300000000000724e-03
2.329200000000000020e-03 -6.268900000000000861e-03
3.218900000000000233e-03 -7.348499999999999997e-03
4.248599999999999946e-03 -8.438199999999999867e-03
5.458100000000000451e-03 -9.537799999999999057e-03
6.847699999999999967e-03 -1.066839999999999976e-02
8.437099999999999461e-03 -1.183799999999999956e-02
1.027649999999999918e-02 -1.304859999999999874e-02
1.238580000000000063e-02 -1.430820000000000008e-02
1.482400000000000037e-02 -1.562869999999999884e-02
1.767300000000000121e-02 -1.703820000000000334e-02
2.098190000000000124e-02 -1.852870000000000211e-02
2.484060000000000087e-02 -2.012920000000000334e-02
2.933909999999999990e-02 -2.183060000000000209e-02
3.450730000000000464e-02 -2.361100000000000351e-02
4.035529999999999673e-02 -2.545240000000000002e-02
4.682210000000000538e-02 -2.733380000000000185e-02
5.382979999999999710e-02 -2.919510000000000161e-02
6.125720000000000470e-02 -3.101650000000000240e-02
6.902360000000000440e-02 -3.278889999999999583e-02
7.704089999999999550e-02 -3.448129999999999945e-02
8.523809999999999720e-02 -3.611280000000000046e-02
9.358430000000000915e-02 -3.766529999999999878e-02
1.020414000000000043e-01 -3.913880000000000137e-02
1.105775000000000091e-01 -4.055129999999999846e-02
1.191946000000000117e-01 -4.190379999999999799e-02
1.278606999999999938e-01 -4.318739999999999385e-02
1.365677000000000141e-01 -4.440099999999999603e-02
1.453337000000000101e-01 -4.556459999999999677e-02
1.541208000000000022e-01 -4.667819999999999608e-02
1.629468000000000028e-01 -4.773179999999999784e-02
1.718038000000000065e-01 -4.874649999999999817e-02
1.806796999999999986e-01 -4.970019999999999299e-02
1.895757000000000136e-01 -5.061489999999999739e-02
1.984827000000000119e-01 -5.147960000000000036e-02
2.074087000000000014e-01 -5.230429999999999802e-02
2.163547000000000109e-01 -5.307999999999999524e-02
2.253005999999999898e-01 -5.381479999999999597e-02
2.342676000000000203e-01 -5.451050000000000340e-02
2.432335000000000191e-01 -5.516629999999999451e-02
2.522094999999999754e-01 -5.578210000000000113e-02
2.611855000000000149e-01 -5.635789999999999550e-02
2.701513999999999860e-01 -5.688470000000000332e-02
2.791174000000000155e-01 -5.737160000000000176e-02
2.880733000000000321e-01 -5.781839999999999202e-02
2.970092999999999761e-01 -5.821529999999999760e-02
3.059253000000000111e-01 -5.856319999999999582e-02
3.148213000000000261e-01 -5.886010000000000547e-02
3.237073000000000311e-01 -5.909800000000000469e-02
3.325632000000000033e-01 -5.928690000000000349e-02
3.414092999999999711e-01 -5.940490000000000353e-02
3.502452999999999816e-01 -5.946390000000000009e-02
3.590612999999999722e-01 -5.946289999999999909e-02
3.678762999999999894e-01 -5.940190000000000053e-02
3.766823000000000254e-01 -5.927190000000000236e-02
3.854782999999999960e-01 -5.907199999999999951e-02
3.942732999999999932e-01 -5.881209999999999910e-02
4.030792999999999737e-01 -5.848219999999999807e-02
4.118854000000000681e-01 -5.809330000000000049e-02
4.207003999999999744e-01 -5.763450000000000517e-02
4.295154000000000472e-01 -5.711669999999999248e-02
4.383413999999999922e-01 -5.652889999999999998e-02
4.471864000000000394e-01 -5.589109999999999218e-02
4.560423999999999589e-01 -5.519429999999999475e-02
4.649074000000000262e-01 -5.443759999999999571e-02
4.737924000000000579e-01 -5.363179999999999337e-02
4.826973999999999987e-01 -5.277609999999999940e-02
4.916124000000000049e-01 -5.186040000000000094e-02
5.005473000000000283e-01 -5.091580000000000411e-02
5.095022999999999636e-01 -4.992209999999999703e-02
5.184872000000000369e-01 -4.888839999999999852e-02
5.274822000000000122e-01 -4.781479999999999758e-02
5.364961000000000313e-01 -4.671320000000000333e-02
5.455210000000000337e-01 -4.558059999999999889e-02
5.545649999999999746e-01 -4.441900000000000015e-02
5.636299000000000170e-01 -4.323840000000000322e-02
5.727039000000000435e-01 -4.202879999999999810e-02
5.817987999999999493e-01 -4.079920000000000074e-02
5.908927000000000485e-01 -3.955960000000000032e-02
6.000166000000000111e-01 -3.830199999999999577e-02
6.091405000000000847e-01 -3.702450000000000185e-02
6.182744000000000018e-01 -3.573789999999999606e-02
6.274282999999999388e-01 -3.444130000000000108e-02
6.365921999999999414e-01 -3.313579999999999998e-02
6.457650999999999808e-01 -3.183119999999999700e-02
6.549490000000000034e-01 -3.051770000000000177e-02
6.641318999999999972e-01 -2.920510000000000120e-02
6.733047000000000892e-01 -2.790260000000000309e-02
6.824786000000000463e-01 -2.660100000000000312e-02
6.916315000000000657e-01 -2.530040000000000067e-02
7.007744999999999669e-01 -2.402090000000000128e-02
7.099074000000000773e-01 -2.275229999999999961e-02
7.190192000000000805e-01 -2.149370000000000100e-02
7.281221999999999417e-01 -2.025719999999999951e-02
7.372041000000000288e-01 -1.903060000000000168e-02
7.462770000000000792e-01 -1.783500000000000363e-02
7.553390000000000937e-01 -1.666040000000000229e-02
7.643908999999999843e-01 -1.551679999999999900e-02
7.734228000000000769e-01 -1.439510000000000095e-02
7.824548000000000059e-01 -1.330349999999999935e-02
7.914866999999999875e-01 -1.223289999999999968e-02
8.004976999999999787e-01 -1.120419999999999923e-02
8.094996000000000969e-01 -1.020559999999999870e-02
8.184905000000001207e-01 -9.238899999999999543e-03
8.274715000000000265e-01 -8.312199999999998756e-03
8.364324000000000758e-01 -7.427500000000000074e-03
8.453834000000001181e-01 -6.584800000000000028e-03
8.543143999999999183e-01 -5.792100000000000547e-03
8.632242999999999444e-01 -5.041300000000000295e-03
8.721043000000000545e-01 -4.340499999999999740e-03
8.809743000000000990e-01 -3.702800000000000015e-03
8.898144000000001164e-01 -3.115000000000000147e-03
8.986243000000000425e-01 -2.599100000000000455e-03
9.074044000000001109e-01 -2.144300000000000459e-03
9.161434000000000522e-01 -1.760399999999999856e-03
9.248623999999999734e-01 -1.447500000000000002e-03
9.335215000000000041e-01 -1.216599999999999973e-03
9.421306000000000402e-01 -1.066699999999999853e-03
9.506596999999999964e-01 -1.007700000000000045e-03
9.590788999999999564e-01 -1.039699999999999956e-03
9.673381000000000896e-01 -1.161599999999999829e-03
9.753163999999999723e-01 -1.383600000000000021e-03
9.828658000000000117e-01 -1.672499999999999942e-03
9.897565000000000390e-01 -1.998300000000000163e-03
9.957974000000000547e-01 -2.348200000000000374e-03
9.993222000000000493e-01 -2.577100000000000137e-03
