0.000000000000000000e+00 0.000000000000000000e+00
7.000000000000000742e-05 9.895999999999999849e-04
2.598999999999999748e-04 1.999299999999999862e-03
5.797999999999999985e-04 3.048899999999999787e-03
1.049599999999999925e-03 4.108600000000000446e-03
1.659400000000000111e-03 5.188199999999999583e-03
2.419199999999999823e-03 6.268899999999999126e-03
3.318900000000000062e-03 7.338500000000000405e-03
4.378500000000000447e-03 8.418100000000001276e-03
5.598100000000000818e-03 9.517799999999999871e-03
7.007600000000000981e-03 1.063839999999999925e-02
8.637099999999999986e-03 1.178800000000000160e-02
1.049639999999999948e-02 1.296860000000000027e-02
1.263570000000000144e-02 1.419820000000000110e-02
1.511589999999999982e-02 1.549870000000000241e-02
1.799490000000000117e-02 1.685929999999999720e-02
2.136379999999999876e-02 1.831879999999999967e-02
2.531239999999999879e-02 1.987020000000000106e-02
2.990090000000000109e-02 2.153069999999999637e-02
3.519909999999999706e-02 2.328109999999999902e-02
4.120700000000000057e-02 2.510249999999999981e-02
4.785580000000000389e-02 2.697379999999999917e-02
5.504330000000000334e-02 2.883520000000000180e-02
6.263080000000000036e-02 3.067759999999999931e-02
7.051910000000000123e-02 3.245900000000000174e-02
7.863629999999999232e-02 3.418140000000000067e-02
8.691350000000000464e-02 3.583379999999999899e-02
9.531169999999999920e-02 3.741630000000000650e-02
1.038087999999999927e-01 3.892880000000000645e-02
1.123868999999999979e-01 4.037230000000000679e-02
1.210239999999999927e-01 4.175480000000000164e-02
1.297119999999999940e-01 4.306839999999999974e-02
1.384491000000000194e-01 4.433199999999999641e-02
1.472170999999999896e-01 4.554550000000000265e-02
1.560140999999999889e-01 4.668920000000000708e-02
1.648421000000000192e-01 4.779280000000000334e-02
1.736900999999999862e-01 4.884740000000000609e-02
1.825770999999999922e-01 4.984109999999999929e-02
1.914751000000000092e-01 5.080579999999999818e-02
2.004031000000000284e-01 5.172040000000000665e-02
2.093400000000000261e-01 5.258520000000000555e-02
2.182880000000000098e-01 5.342090000000000033e-02
2.272659000000000207e-01 5.421560000000000268e-02
2.362428999999999779e-01 5.496130000000000460e-02
2.452409000000000117e-01 5.567710000000000714e-02
2.542387999999999870e-01 5.635289999999999744e-02
2.632468000000000030e-01 5.699970000000000037e-02
2.722747000000000361e-01 5.760640000000000205e-02
2.813026000000000137e-01 5.818230000000000623e-02
2.903506000000000142e-01 5.872010000000000424e-02
2.993885000000000018e-01 5.922689999999999899e-02
3.084363999999999995e-01 5.969469999999999638e-02
3.174944000000000099e-01 6.014260000000000439e-02
3.265523000000000176e-01 6.055050000000000016e-02
3.356102000000000252e-01 6.091830000000000161e-02
3.446681999999999801e-01 6.126720000000000083e-02
3.537371000000000265e-01 6.157610000000000861e-02
3.628050000000000441e-01 6.186599999999999738e-02
3.718729000000000062e-01 6.211490000000000067e-02
3.809508999999999812e-01 6.233480000000000965e-02
3.900298000000000376e-01 6.252579999999999250e-02
3.991077000000000097e-01 6.268569999999999698e-02
4.081866000000000105e-01 6.280669999999999309e-02
4.172646000000000410e-01 6.290869999999999795e-02
4.263434999999999864e-01 6.298059999999999770e-02
4.354124000000000327e-01 6.301260000000000194e-02
4.444803000000000504e-01 6.302460000000000007e-02
4.535491999999999857e-01 6.299760000000000082e-02
4.626082000000000249e-01 6.294160000000000033e-02
4.716570999999999958e-01 6.284470000000000334e-02
4.807060000000000222e-01 6.271969999999998935e-02
4.897440000000000127e-01 6.256380000000000274e-02
4.987839000000000578e-01 6.236880000000000895e-02
5.078027999999999986e-01 6.213490000000000679e-02
5.168318000000000634e-01 6.186100000000000626e-02
5.258406999999999387e-01 6.155710000000000348e-02
5.348496999999999835e-01 6.121420000000000333e-02
5.438595999999999986e-01 6.083240000000000869e-02
5.528585999999999778e-01 6.040050000000000280e-02
5.618484999999999729e-01 5.993869999999999754e-02
5.708475000000000632e-01 5.943779999999999897e-02
5.798474999999999602e-01 5.889800000000000590e-02
5.888474000000000208e-01 5.831820000000000059e-02
5.978563000000000072e-01 5.769940000000000485e-02
6.068662999999999696e-01 5.704160000000000480e-02
6.158862000000000503e-01 5.634390000000000231e-02
6.249162000000000328e-01 5.562710000000000571e-02
6.339461000000000679e-01 5.486140000000000461e-02
6.429770999999999681e-01 5.407560000000000838e-02
6.520170000000000687e-01 5.325089999999999685e-02
6.610578999999999761e-01 5.239720000000000488e-02
6.701078000000000312e-01 5.151450000000000473e-02
6.791487999999999969e-01 5.060180000000000233e-02
6.881896999999999043e-01 4.967110000000000275e-02
6.972405999999999882e-01 4.870050000000000767e-02
7.062916000000000194e-01 4.770080000000000847e-02
7.153324999999999267e-01 4.668220000000000702e-02
7.243735000000000035e-01 4.563350000000000045e-02
7.334144000000000219e-01 4.456690000000000651e-02
7.424663000000000235e-01 4.346120000000000538e-02
7.515083000000000180e-01 4.233560000000000101e-02
7.605501999999999541e-01 4.118200000000000333e-02
7.695910999999999724e-01 4.000840000000000646e-02
7.786340000000000483e-01 3.880680000000000240e-02
7.876760000000000428e-01 3.758620000000000017e-02
7.967178999999999789e-01 3.633670000000000649e-02
8.057609000000000021e-01 3.506810000000000482e-02
8.148027999999999382e-01 3.378049999999999803e-02
8.238457000000000141e-01 3.246500000000000080e-02
8.328885999999999790e-01 3.113039999999999904e-02
8.419316000000001132e-01 2.977690000000000198e-02
8.509754999999999958e-01 2.839440000000000019e-02
8.600185000000000191e-01 2.699379999999999835e-02
8.690524000000000582e-01 2.558430000000000079e-02
8.780763000000000318e-01 2.414580000000000198e-02
8.871003000000000638e-01 2.268929999999999905e-02
8.961242000000000374e-01 2.121380000000000141e-02
9.051392000000000326e-01 1.972029999999999964e-02
9.141441000000000150e-01 1.819780000000000009e-02
9.231289999999999774e-01 1.666729999999999948e-02
9.321040000000000436e-01 1.510890000000000150e-02
9.410490000000000244e-01 1.354039999999999931e-02
9.499450000000000394e-01 1.195490000000000094e-02
9.587499999999999911e-01 1.035950000000000065e-02
9.673760000000000137e-01 8.765000000000000221e-03
9.756911999999999807e-01 7.209499999999999763e-03
9.834775999999999518e-01 5.720999999999999523e-03
9.904823000000000377e-01 4.357499999999999395e-03
9.965272000000000574e-01 3.157899999999999943e-03
1.000000000000000000e+00 2.457099999999999822e-03
